cameras:
  - eye: [-0.519556, 0.119797, -0.591875]
    lookat: [0, 0, 0]
    up: [0.0, 1.0, 0.0]
    vfov: 60.0
  - eye: [-0.278133, 0.108563, -0.479883]
    lookat: [0.0, 0.0, 0.0]
    up: [0.0, 1.0, 0.0]
    vfov: 35.0
  - eye: [0.0, 0.04, -0.63]
    lookat: [0.0, 0.0, 0.0]
    up: [0.0, 1.0, 0.0]
    vfov: 35.0
  - eye: [0.0, -0.2, -0.63]
    lookat: [0.0, -0.2, 0.63]
    up: [0.0, 1.0, 0.0]
    vfov: 35.0
  - eye: [-43.465564, 470.632643, -842.851190]
    lookat": [332.84030, 323.75006, -193.58344]
    up: [0.0, 1.0, 0.0]
    vfov: 35.0
lights:
  - is_area_light: 1
    direction: [0.0, -1.0, 0.0]
    position: [0.0, 0.24, 0.0]
    v1: 0.224
    v2: 0.08
    radius: 0.001745329252
    power: [10.0, 10.0, 10.0]
default_radius: [0.0001, 0.0016, 0.0009]
blend_mothod: [1.0, 8.0]
filename: "scenes/conference/conference.obj"
